001 0 0 319 319 3.38
002 146 0 152 152 0.34
003 325 104 48 48 0.01
004 0 70 293 293 1.18
005 186 80 111 111 0.92
006 79 39 166 166 0.17
007 0 26 55 55 0.73
007 52 0 72 72 0.31
012 12 245 51 51 0.52
013 34 0 144 144 2.40
014 99 99 104 104 2.81
015 120 217 100 100 0.78
016 95 95 199 199 0.17
017 0 33 141 141 0.11
019 56 157 47 47 1.31
019 14 365 61 61 0.40
020 233 14 61 61 0.47
022 14 14 60 60 0.82
023 148 59 124 124 1.22
024 13 121 56 56 0.98
024 145 0 209 209 0.51
026 149 37 156 156 1.67
027 122 40 170 170 0.97
028 145 121 101 101 2.40
029 45 0 190 190 1.46
030 125 31 131 131 2.91
031 241 50 209 209 1.30
032 49 132 69 69 0.37
034 47 47 200 200 0.54
035 82 0 344 344 0.85
036 96 0 134 134 1.07
037 27 27 113 113 1.12
038 267 160 111 111 0.20
040 67 101 142 142 0.17
041 251 0 55 55 0.03
042 0 0 312 312 1.83
043 74 74 51 51 0.89
044 101 114 53 53 1.15
045 147 73 154 154 0.76
047 118 0 165 165 1.63
048 104 26 108 108 0.10
049 232 197 48 48 0.72
049 39 196 82 82 0.41
050 118 23 99 99 1.30
052 0 67 281 281 0.98
053 71 0 299 299 0.22
056 0 0 316 316 1.99
058 122 40 170 170 0.10
059 0 0 275 275 0.39
060 35 17 74 74 0.07
061 210 57 80 80 0.24
063 39 117 163 163 3.37
065 72 200 76 76 0.13
066 175 150 104 104 0.19
067 79 53 110 110 0.90
068 74 133 61 61 0.70
069 0 77 325 325 1.85
070 41 0 172 172 0.54
072 247 30 129 129 1.64
073 275 55 115 115 0.40
074 107 71 149 149 2.93
075 78 26 109 109 1.54
076 110 36 77 77 1.78
077 56 56 236 236 1.52
078 158 52 110 110 1.99
079 195 43 90 90 0.00
080 217 31 129 129 1.00
080 55 183 76 76 0.64
081 106 159 111 111 0.10
082 0 71 299 299 1.40
083 56 56 237 237 2.05
084 96 48 201 201 0.63
085 64 64 269 269 1.55
086 58 0 245 245 1.46
089 44 44 184 184 2.01
091 78 0 163 163 0.36
092 0 82 343 343 1.27
095 199 57 119 119 1.40
097 45 45 188 188 2.32
097 268 31 66 66 1.88
098 178 59 124 124 2.13
099 65 65 137 137 0.44
100 202 144 120 120 0.21
101 141 70 148 148 0.21
102 121 40 84 84 2.25
103 147 18 77 77 1.30
104 75 37 157 157 2.44
105 0 74 310 310 0.12
106 220 73 102 102 0.95
107 127 42 178 178 1.91
108 130 196 68 68 0.61
109 110 22 92 92 1.33
110 110 36 154 154 1.57
111 110 27 115 115 2.13
112 188 94 197 197 1.39
113 0 49 208 208 1.10
114 146 36 152 152 2.54
117 173 65 274 274 0.41
118 123 30 129 129 1.56
119 102 143 85 85 0.36
121 144 48 67 67 0.15
122 0 80 335 335 0.24
124 108 108 150 150 0.29
125 164 0 172 172 2.73
126 71 56 236 236 1.78
127 0 0 339 339 0.49
128 0 73 377 377 0.63
129 57 57 241 241 1.35
130 0 0 293 293 0.83
131 44 386 61 61 0.76
132 69 109 228 228 0.45
133 93 46 194 194 0.65
135 144 32 66 66 2.14
135 243 54 113 113 0.97
136 53 26 112 112 1.70
138 337 303 70 70 2.01
138 253 185 70 70 0.61
139 46 0 192 192 2.34
140 0 265 52 52 1.15
140 131 296 68 68 0.33
141 67 328 47 47 0.83
142 0 0 296 296 1.53
143 165 114 53 53 0.22
144 155 199 92 92 1.77
144 88 22 92 92 1.75
146 201 50 105 105 0.82
144 68 119 71 71 0.62
148 70 35 147 147 1.11
149 65 32 137 137 0.85
150 116 0 162 162 0.58
151 103 51 215 215 1.10
152 0 65 273 273 1.63
153 160 116 61 61 0.47
154 248 191 47 47 0.71
155 159 22 95 95 1.67
156 103 69 144 144 3.80
157 92 46 192 192 0.71
158 141 23 98 98 3.03
159 260 86 90 90 1.28
160 74 37 155 155 0.19
161 288 0 46 46 0.36
162 150 75 104 104 3.05
163 0 0 326 326 1.30
164 127 85 89 89 0.41
165 129 155 108 108 0.65
166 43 43 179 179 0.97
167 0 69 292 292 1.53
168 0 0 332 332 1.38
169 205 13 57 57 1.08
170 192 48 100 100 0.25
172 122 24 102 102 0.49
173 0 0 334 334 1.72
174 68 54 226 226 0.72
177 237 0 123 123 0.75
178 189 135 56 56 0.65
179 78 39 163 163 2.67
180 36 170 50 50 0.18
182 130 43 182 182 0.70
183 100 0 210 210 0.50
184 62 31 130 130 0.30
185 37 37 154 154 0.27
186 156 44 93 93 0.44
188 61 0 259 259 0.38
189 202 352 56 56 0.52
190 0 59 250 250 1.23
191 67 203 142 142 0.60
192 90 151 126 126 0.35
193 36 36 76 76 0.17
194 112 56 117 117 0.94
194 242 76 53 53 0.13
195 148 63 88 88 0.42
194 268 127 53 53 0.05
195 200 313 52 52 0.13
197 42 42 176 176 0.58
198 103 51 108 108 0.53
199 84 42 176 176 1.19
200 163 58 48 48 0.20
202 76 76 159 159 0.93
203 133 109 50 50 0.25
204 97 64 135 135 1.00
205 163 32 136 136 2.98
206 141 176 147 147 0.84
207 0 82 347 347 0.60
208 104 34 145 145 0.94
209 102 51 107 107 1.58
210 26 78 109 109 0.07
211 119 119 99 99 1.06
212 155 0 46 46 0.80
212 275 246 60 60 0.04
213 89 44 188 188 2.27
212 66 0 46 46 0.03
214 118 39 164 164 0.85
215 246 41 171 171 0.92
216 75 37 157 157 0.43
217 82 68 57 57 0.26
218 179 44 187 187 1.48
219 63 31 131 131 0.94
220 0 72 305 305 3.69
221 98 98 103 103 0.88
222 0 181 189 189 1.70
223 58 29 122 122 0.80
224 215 263 50 50 0.16
225 110 22 92 92 1.88
226 130 104 109 109 1.54
228 0 0 284 284 0.56
230 114 0 160 160 0.16
232 0 74 313 313 3.88
233 74 58 245 245 1.35
234 43 86 181 181 1.04
235 45 205 47 47 1.43
235 125 148 47 47 0.62
235 125 56 47 47 0.43
236 0 65 275 275 0.13
237 154 30 128 128 1.15
238 95 47 198 198 1.40
239 90 45 189 189 0.40
240 96 32 134 134 1.06
241 92 92 193 193 1.40
242 106 35 148 148 0.22
243 206 137 57 57 0.80
245 81 27 113 113 0.35
246 128 165 76 76 0.10
247 328 219 65 65 0.32
248 14 141 59 59 1.14
249 89 196 74 74 0.79
250 80 53 55 55 0.50
251 132 176 92 92 0.04
252 35 0 147 147 1.29
253 0 0 337 337 1.78
255 400 248 49 49 2.77
255 101 168 141 141 1.19
255 400 177 49 49 0.20
257 188 94 98 98 1.39
258 146 36 152 152 0.96
259 70 70 147 147 0.66
260 39 39 165 165 1.22
261 170 34 142 142 0.09
263 114 22 95 95 1.60
264 135 90 62 62 1.29
266 24 37 51 51 0.89
267 226 56 118 118 1.60
269 243 110 46 46 0.94
270 156 86 72 72 0.63
271 54 54 226 226 1.89
272 103 25 107 107 2.35
273 0 89 46 46 0.61
274 244 54 113 113 1.61
276 188 101 60 60 1.25
277 107 53 112 112 3.16
279 44 22 92 92 1.02
280 0 162 226 226 0.70
281 63 189 52 52 0.20
283 172 103 47 47 0.08
284 11 273 47 47 0.01
285 118 135 70 70 0.54
286 44 89 188 188 0.69
288 92 185 193 193 0.15
289 178 149 124 124 0.79
290 0 0 246 246 0.72
291 0 71 299 299 1.09
294 118 29 124 124 0.89
295 99 42 59 59 0.31
297 71 0 300 300 2.41
300 189 27 113 113 0.72
301 0 71 299 299 1.59
302 78 39 164 164 0.92
303 134 0 140 140 1.79
303 59 99 83 83 0.33
305 126 0 176 176 0.20
306 98 271 103 103 1.60
307 170 151 79 79 0.75
309 83 27 116 116 1.71
310 246 12 51 51 0.94
311 50 25 105 105 0.02
313 123 49 103 103 0.66
314 96 19 80 80 0.39
315 154 116 162 162 1.37
316 212 42 177 177 0.58
317 64 64 267 267 1.34
318 0 71 301 301 0.80
319 101 25 53 53 0.79
320 70 211 73 73 0.30
321 32 32 136 136 2.18
323 44 0 185 185 1.57
325 163 59 61 61 0.36
326 229 114 53 53 0.01
327 161 92 96 96 0.53
328 99 99 138 138 1.07
329 62 31 131 131 0.35
330 71 71 148 148 2.09
332 285 78 164 164 0.58
333 125 0 131 131 1.79
334 135 54 113 113 0.48
335 160 22 95 95 0.11
336 158 118 165 165 1.52
337 227 18 79 79 0.29
338 205 0 242 242 0.66
339 86 43 179 179 0.37
340 63 184 265 265 0.57
341 53 0 225 225 1.63
342 85 28 119 119 2.03
343 65 65 273 273 1.63
344 0 86 181 181 0.02
346 0 0 327 327 0.89
347 50 0 211 211 0.96
348 35 93 48 48 0.13
349 140 28 117 117 0.35
350 141 101 84 84 0.88
350 60 101 84 84 0.28
351 107 26 112 112 1.31
352 66 33 138 138 0.90
353 50 0 213 213 0.75
355 225 50 104 104 1.82
358 0 0 291 291 2.04
359 23 130 49 49 0.98
360 97 65 136 136 2.63
361 138 69 144 144 1.07
362 110 0 230 230 1.92
363 187 62 130 130 0.56
364 0 0 304 304 0.30
365 59 29 124 124 2.06
368 0 71 299 299 2.62
369 37 113 158 158 0.04
372 193 24 101 101 0.58
373 94 142 198 198 0.44
374 150 150 104 104 1.56
375 189 27 113 113 0.35
376 234 137 81 81 0.14
377 58 116 243 243 1.32
378 175 43 91 91 0.53
379 87 37 52 52 0.30
381 116 139 97 97 0.27
382 73 116 243 243 0.77
382 132 204 50 50 0.13
384 0 55 231 231 0.10
385 229 0 220 220 0.30
386 64 32 134 134 0.51
388 100 50 210 210 3.01
389 149 37 156 156 1.00
389 220 254 71 71 0.48
393 169 101 141 141 1.55
394 278 251 58 58 0.48
395 162 162 97 97 1.98
396 0 0 329 329 0.16
397 94 0 132 132 1.00
398 239 73 77 77 0.19
399 209 0 146 146 0.01
400 0 77 323 323 1.70
401 0 71 299 299 1.12
402 97 0 204 204 0.50
403 162 0 226 226 0.65
404 83 55 116 116 0.18
405 172 0 180 180 2.59
406 148 62 51 51 0.42
407 235 26 109 109 0.77
408 199 0 208 208 0.79
410 144 72 151 151 0.49
411 25 63 53 53 0.31
412 76 120 251 251 0.71
413 172 64 89 89 0.88
415 0 0 226 226 0.40
417 118 39 164 164 0.77
418 76 38 159 159 3.84
419 0 64 271 271 1.48
420 121 40 168 168 2.56
421 123 170 178 178 0.69
422 47 23 100 100 1.86
423 0 74 312 312 1.45
425 104 34 146 146 1.09
426 174 49 103 103 0.63
427 89 67 93 93 0.33
428 47 47 199 199 0.17
429 71 0 297 297 2.15
431 0 0 368 368 0.89
432 144 28 120 120 0.47
433 90 22 94 94 1.36
435 42 0 176 176 0.23
436 314 115 69 69 0.81
437 121 30 126 126 0.85
438 83 41 174 174 0.92
439 0 70 296 296 0.49
440 103 271 54 54 0.19
440 117 117 70 70 0.06
442 53 0 222 222 0.53
440 67 50 70 70 0.03
443 203 101 53 53 0.10
444 143 57 120 120 0.40
445 59 0 246 246 0.66
446 51 51 215 215 3.10
