002 311 103 103 103 0.04
003 121 0 52 52 0.02
006 0 395 51 51 0.02
007 107 53 161 161 0.04
008 205 61 61 61 0.01
010 103 77 77 77 0.00
013 102 102 154 154 0.03
015 120 396 51 51 0.00
016 224 388 61 61 0.00
018 106 71 106 106 0.03
019 99 132 99 99 0.00
020 124 248 74 74 0.02
021 177 70 106 106 0.04
025 217 118 59 59 0.02
026 143 205 61 61 0.02
026 82 283 61 61 0.01
026 357 34 51 51 0.00
027 62 83 62 62 0.02
027 111 55 166 166 0.00
028 143 143 107 107 0.02
029 33 252 50 50 0.01
030 142 35 107 107 0.06
031 270 54 162 162 0.04
032 158 52 158 158 0.06
032 118 135 50 50 0.06
033 169 33 50 50 0.00
035 213 0 160 160 0.02
036 99 0 148 148 0.03
037 40 60 60 60 0.01
038 272 170 102 102 0.01
040 0 251 50 50 0.01
042 50 50 152 152 0.00
045 173 103 103 103 0.00
046 265 224 61 61 0.05
047 145 20 62 62 0.02
048 234 75 75 75 0.01
049 100 167 100 100 0.05
050 0 242 145 145 0.03
051 51 204 76 76 0.01
052 65 130 97 97 0.01
053 149 99 149 149 0.04
055 247 0 105 105 0.06
056 252 218 50 50 0.02
058 166 104 62 62 0.02
059 47 95 143 143 0.01
060 58 0 58 58 0.01
061 41 293 62 62 0.01
063 54 108 163 163 0.02
064 133 266 99 99 0.02
067 101 76 76 76 0.01
068 0 0 299 299 0.02
070 74 49 74 74 0.01
071 302 75 75 75 0.02
073 276 191 63 63 0.02
075 101 33 101 101 0.04
076 48 244 146 146 0.02
077 0 102 308 308 0.03
081 177 101 76 76 0.04
083 50 101 152 152 0.01
084 106 53 159 159 0.00
086 103 51 154 154 0.01
087 222 68 51 51 0.02
087 34 102 51 51 0.00
088 131 52 78 78 0.00
090 0 0 321 321 0.02
093 191 330 99 99 0.01
094 102 34 102 102 0.02
097 51 51 154 154 0.04
098 193 96 96 96 0.00
100 224 149 112 112 0.00
101 156 52 156 156 0.05
102 126 50 75 75 0.01
102 33 67 50 50 0.01
103 155 17 51 51 0.02
104 53 53 160 160 0.01
105 101 33 101 101 0.02
105 50 0 75 75 0.00
106 231 66 99 99 0.04
107 150 50 150 150 0.03
109 104 0 104 104 0.01
110 138 69 103 103 0.01
111 127 25 76 76 0.03
112 306 142 61 61 0.01
113 70 105 105 105 0.01
115 134 386 50 50 0.02
116 0 224 74 74 0.00
117 0 278 78 78 0.04
117 260 208 78 78 0.02
118 157 52 78 78 0.03
117 217 54 163 163 0.01
122 103 138 103 103 0.01
124 163 122 61 61 0.01
126 101 101 151 151 0.00
127 0 0 339 339 0.04
127 235 0 103 103 0.01
127 77 360 77 77 0.00
128 131 79 79 79 0.03
131 133 66 99 99 0.02
136 68 34 102 102 0.01
127 180 128 77 77 0.00
137 201 262 60 60 0.03
138 281 17 52 52 0.00
140 105 210 157 157 0.02
142 0 0 296 296 0.04
144 232 309 77 77 0.03
145 0 129 323 323 0.01
146 180 36 108 108 0.01
147 120 80 60 60 0.03
147 180 240 60 60 0.00
148 142 81 60 60 0.01
147 125 350 75 75 0.00
149 33 233 100 100 0.02
150 154 51 51 51 0.07
150 52 208 78 78 0.02
151 261 261 78 78 0.01
152 156 156 58 58 0.02
153 292 41 62 62 0.03
154 199 24 74 74 0.01
155 140 35 105 105 0.03
157 202 135 50 50 0.03
157 0 291 156 156 0.01
158 157 26 78 78 0.03
161 143 71 107 107 0.01
162 174 99 74 74 0.02
163 264 81 60 60 0.01
164 127 76 76 76 0.01
165 134 269 100 100 0.02
166 125 100 75 75 0.06
168 244 163 61 61 0.05
169 274 377 51 51 0.02
170 137 241 51 51 0.01
172 34 138 51 51 0.00
174 0 0 294 294 0.01
176 298 99 74 74 0.00
177 136 102 51 51 0.02
177 85 171 51 51 0.02
178 156 78 58 58 0.03
177 393 68 51 51 0.00
178 0 98 58 58 0.03
181 165 20 61 61 0.02
178 48 97 73 73 0.01
183 17 171 51 51 0.00
184 123 345 74 74 0.03
185 153 85 51 51 0.01
186 155 51 77 77 0.00
187 128 102 76 76 0.01
188 77 102 77 77 0.03
188 0 0 337 337 0.02
191 126 201 75 75 0.00
192 105 141 105 105 0.08
193 51 34 51 51 0.02
194 33 356 50 50 0.03
194 284 305 50 50 0.01
195 0 0 103 103 0.00
197 99 349 99 99 0.06
194 103 34 103 103 0.00
198 100 50 75 75 0.02
199 99 0 149 149 0.01
202 34 290 51 51 0.02
203 141 121 60 60 0.03
205 390 0 60 60 0.01
206 307 136 102 102 0.00
207 0 104 347 347 0.03
208 121 81 60 60 0.04
209 234 351 50 50 0.01
210 0 0 153 153 0.03
211 68 275 51 51 0.00
212 143 71 107 107 0.03
213 252 336 50 50 0.02
213 152 152 76 76 0.01
214 62 144 62 62 0.00
215 49 99 74 74 0.02
216 0 370 58 58 0.00
217 104 52 78 78 0.02
219 198 215 74 74 0.02
221 119 139 59 59 0.02
222 243 0 76 76 0.00
223 70 35 105 105 0.00
226 135 101 101 101 0.02
226 234 285 50 50 0.01
227 67 169 101 101 0.06
228 0 0 284 284 0.01
230 267 387 61 61 0.00
231 303 40 60 60 0.02
232 0 135 313 313 0.01
233 202 134 50 50 0.05
234 250 300 50 50 0.00
236 0 0 275 275 0.02
237 177 35 106 106 0.03
238 138 103 103 103 0.04
239 103 51 154 154 0.03
240 124 24 74 74 0.03
241 104 104 156 156 0.05
241 135 135 50 50 0.03
243 176 70 105 105 0.03
244 109 145 109 109 0.01
245 101 50 76 76 0.04
248 74 24 74 74 0.03
249 163 54 163 163 0.01
251 106 53 159 159 0.02
252 101 101 50 50 0.01
255 226 25 75 75 0.01
257 0 109 164 164 0.02
257 206 120 51 51 0.01
259 102 102 102 102 0.07
262 0 0 291 291 0.01
263 105 35 105 105 0.02
264 50 50 150 150 0.04
266 171 156 156 156 0.02
267 54 325 81 81 0.03
269 145 312 62 62 0.01
270 155 77 77 77 0.04
271 99 99 148 148 0.01
273 211 52 79 79 0.02
274 303 270 50 50 0.02
274 182 263 60 60 0.01
275 0 0 288 288 0.03
276 99 66 99 99 0.02
277 103 0 155 155 0.02
277 33 0 50 50 0.02
278 105 263 79 79 0.03
277 151 33 50 50 0.00
279 225 184 61 61 0.02
281 17 228 52 52 0.02
281 170 63 63 63 0.01
282 100 100 150 150 0.02
281 177 59 177 177 0.00
282 228 225 75 75 0.02
283 150 250 75 75 0.01
285 104 104 104 104 0.02
286 151 168 50 50 0.01
286 33 67 50 50 0.00
290 93 31 93 93 0.01
291 0 99 299 299 0.04
293 175 140 105 105 0.04
295 107 178 107 107 0.01
299 101 101 152 152 0.05
300 203 50 76 76 0.04
301 0 0 299 299 0.00
302 109 54 163 163 0.02
303 114 0 171 171 0.01
305 199 199 74 74 0.00
306 99 265 99 99 0.01
307 99 247 148 148 0.01
308 371 26 78 78 0.02
308 269 62 62 62 0.01
309 173 210 157 157 0.00
310 102 34 102 102 0.03
311 60 30 90 90 0.01
312 250 200 50 50 0.05
312 200 66 50 50 0.01
315 162 108 162 162 0.03
312 200 216 50 50 0.01
315 304 102 51 51 0.02
317 143 287 61 61 0.02
315 0 286 78 78 0.01
318 133 166 100 100 0.03
319 307 230 76 76 0.00
320 108 217 162 162 0.01
320 0 54 162 162 0.01
322 138 103 103 103 0.04
320 52 0 78 78 0.00
322 204 347 61 61 0.01
323 50 184 50 50 0.04
322 77 25 77 77 0.00
324 49 99 149 149 0.02
325 56 0 169 169 0.01
326 158 263 158 158 0.04
326 203 33 50 50 0.01
327 211 176 105 105 0.02
326 118 322 50 50 0.00
328 100 100 150 150 0.03
331 247 341 60 60 0.01
332 351 165 62 62 0.02
333 157 26 78 78 0.01
334 21 21 63 63 0.04
334 192 192 52 52 0.02
335 170 24 73 73 0.02
336 177 177 106 106 0.02
337 224 74 74 74 0.01
338 256 51 153 153 0.05
339 140 240 60 60 0.02
339 140 200 60 60 0.01
341 99 79 59 59 0.02
342 77 252 58 58 0.02
339 200 381 60 60 0.00
344 125 200 75 75 0.01
348 134 167 100 100 0.02
349 138 34 103 103 0.02
350 75 101 75 75 0.05
351 102 34 102 102 0.03
355 233 66 99 99 0.02
357 0 0 99 99 0.01
358 24 347 74 74 0.03
358 173 0 74 74 0.00
359 261 285 50 50 0.00
360 99 49 149 149 0.02
361 161 80 80 80 0.02
362 150 50 150 150 0.05
362 299 99 99 99 0.03
363 317 59 59 59 0.02
362 100 225 75 75 0.00
364 133 66 100 100 0.01
364 20 220 60 60 0.00
365 78 52 78 78 0.00
366 106 70 106 106 0.03
369 47 94 141 141 0.03
372 210 52 78 78 0.02
373 154 205 77 77 0.01
374 174 149 74 74 0.02
375 182 263 60 60 0.01
377 0 0 316 316 0.02
378 0 104 104 104 0.05
382 177 202 75 75 0.02
385 315 52 78 78 0.01
388 108 54 162 162 0.02
389 238 255 51 51 0.00
393 157 101 152 152 0.04
395 205 102 51 51 0.01
396 0 0 329 329 0.01
397 125 41 62 62 0.04
398 236 52 78 78 0.05
399 0 305 110 110 0.02
400 40 243 60 60 0.01
401 99 0 99 99 0.01
403 99 24 74 74 0.01
405 201 0 151 151 0.05
406 242 0 80 80 0.00
407 232 21 63 63 0.01
408 387 0 61 61 0.02
409 83 20 62 62 0.01
410 157 52 157 157 0.02
410 271 254 50 50 0.01
411 105 52 158 158 0.02
412 223 20 61 61 0.00
413 158 52 158 158 0.01
413 69 103 103 103 0.01
414 200 0 100 100 0.01
413 0 51 76 76 0.00
414 275 175 75 75 0.00
415 49 49 148 148 0.03
416 0 0 275 275 0.00
417 109 0 164 164 0.01
418 105 70 105 105 0.03
418 315 70 105 105 0.02
419 48 146 73 73 0.02
420 154 86 51 51 0.02
421 150 200 150 150 0.04
421 100 33 50 50 0.02
422 396 258 51 51 0.02
423 201 181 60 60 0.01
424 207 124 62 62 0.01
426 79 264 79 79 0.03
427 102 82 61 61 0.00
431 26 288 78 78 0.00
433 97 24 72 72 0.03
434 208 52 52 52 0.01
437 109 0 164 164 0.00
438 149 74 74 74 0.01
440 95 222 95 95 0.00
441 181 129 77 77 0.05
443 203 101 50 50 0.03
444 106 0 160 160 0.00
446 141 70 106 106 0.03
447 0 285 61 61 0.01
447 256 256 76 76 0.01
