001 0 0 319 319 3.76
002 160 22 105 105 3.98
003 144 72 110 110 0.30
004 0 63 293 293 2.78
005 174 58 133 133 0.87
006 0 0 365 365 1.04
007 86 43 198 198 0.52
008 205 93 86 86 0.35
009 286 72 110 110 0.17
010 42 42 196 196 0.21
011 45 135 103 103 0.35
013 28 0 133 133 2.32
014 84 84 129 129 4.71
015 185 61 142 142 2.21
016 137 91 105 105 0.18
017 161 80 185 185 0.90
018 95 19 87 87 0.51
019 84 112 129 129 0.67
020 21 348 100 100 1.33
021 153 61 141 141 1.25
022 261 142 109 109 0.55
023 75 132 86 86 0.28
024 212 0 139 139 0.16
026 149 59 137 137 2.77
027 89 44 206 206 0.55
028 142 142 109 109 1.76
029 41 0 189 189 0.29
030 124 31 142 142 1.80
031 247 43 200 200 3.16
032 126 42 193 193 2.34
034 0 0 260 260 0.98
035 74 0 344 344 1.06
037 29 29 134 134 1.09
038 261 145 133 133 0.99
039 51 51 117 117 0.55
042 0 0 312 312 2.03
043 124 0 190 190 1.69
044 88 59 136 136 1.93
045 119 274 137 137 0.12
047 122 30 140 140 1.73
048 86 172 132 132 0.69
049 108 163 83 83 1.73
050 110 0 126 126 2.43
051 0 71 327 327 0.93
052 0 61 281 281 1.11
055 116 23 107 107 0.12
056 0 0 316 316 1.70
057 112 28 129 129 2.13
058 123 30 142 142 0.35
059 141 123 81 81 1.03
060 35 17 81 81 2.15
061 190 47 109 109 3.14
063 70 140 107 107 0.17
066 162 162 83 83 0.28
068 0 0 299 299 0.46
069 0 70 325 325 2.64
070 38 0 178 178 0.50
072 259 47 108 108 1.49
073 260 65 149 149 0.23
074 113 90 104 104 0.86
075 89 22 102 102 2.79
076 106 35 82 82 1.70
077 80 120 184 184 0.56
078 175 58 89 89 0.49
079 185 26 121 121 1.43
080 216 30 141 141 1.83
082 0 65 299 299 1.46
083 0 0 309 309 1.08
084 0 0 341 341 0.24
085 86 86 198 198 0.95
086 81 40 188 188 0.82
087 91 30 140 140 1.89
088 267 152 87 87 0.95
089 40 40 185 185 1.69
091 116 23 107 107 0.94
092 0 74 343 343 1.93
094 87 0 133 133 2.01
095 212 144 195 195 1.59
097 40 40 188 188 3.86
097 247 22 103 103 2.47
098 189 54 124 124 1.68
099 0 110 101 101 0.16
102 111 44 103 103 1.73
103 118 23 108 108 1.75
104 115 92 106 106 0.31
105 86 28 132 132 3.72
106 223 55 128 128 0.68
107 118 39 181 181 1.71
109 89 0 137 137 1.34
110 149 74 85 85 0.35
111 113 22 104 104 2.98
112 209 83 193 193 0.63
113 0 43 199 199 4.11
114 148 29 136 136 1.06
115 164 164 84 84 0.52
116 169 28 130 130 0.65
117 209 93 107 107 0.59
118 123 30 141 141 1.66
120 127 31 146 146 0.13
121 90 113 104 104 1.16
123 85 85 131 131 0.22
124 111 129 85 85 0.45
125 186 31 142 142 0.89
126 85 57 131 131 1.17
127 0 0 339 339 0.91
128 0 73 377 377 2.03
130 0 0 293 293 0.63
131 113 56 130 130 1.27
132 28 28 129 129 1.37
133 0 0 329 329 0.62
134 155 155 101 101 0.19
135 233 29 134 134 1.67
135 113 0 103 103 0.54
136 58 29 134 134 1.35
137 86 86 132 132 0.98
138 317 297 91 91 1.77
139 87 29 134 134 1.18
140 148 204 85 85 0.79
142 0 0 296 296 2.11
144 92 23 106 106 3.51
145 55 165 84 84 0.28
146 191 47 110 110 0.60
147 84 28 130 130 3.82
149 85 28 130 130 2.21
150 139 23 107 107 1.58
151 152 57 87 87 0.30
152 0 59 273 273 1.10
153 156 93 143 143 0.78
154 198 18 82 82 0.64
155 121 30 139 139 0.84
156 116 87 133 133 1.13
157 184 110 85 85 1.11
158 152 19 87 87 2.23
159 260 93 85 85 0.35
160 89 89 137 137 1.04
161 268 191 88 88 0.43
162 154 66 101 101 3.33
163 0 0 326 326 1.64
164 113 68 104 104 1.37
165 133 155 102 102 1.42
166 39 39 183 183 1.00
167 0 63 292 292 1.11
168 0 0 332 332 1.75
169 94 132 87 87 0.13
170 188 47 108 108 1.73
172 118 23 109 109 1.22
173 0 0 334 334 2.36
174 0 63 294 294 0.99
176 284 87 100 100 2.47
177 121 121 139 139 0.67
179 91 61 140 140 1.53
181 94 339 86 86 0.22
182 194 155 89 89 1.09
183 121 60 139 139 1.14
184 83 55 127 127 0.97
185 42 42 195 195 0.05
186 56 75 86 86 0.40
188 160 114 105 105 0.26
190 45 113 104 104 0.38
191 40 161 185 185 1.17
192 116 140 107 107 0.61
193 152 190 87 87 0.97
194 114 68 105 105 1.98
195 148 74 85 85 0.47
197 78 39 181 181 0.34
198 86 28 132 132 1.94
199 78 39 180 180 1.13
200 85 28 131 131 0.40
202 90 120 138 138 0.76
203 128 110 84 84 0.33
204 78 39 180 180 0.56
205 157 39 181 181 1.39
206 124 132 190 190 0.67
207 0 105 347 347 0.07
209 85 57 131 131 3.63
211 117 117 108 108 1.88
212 47 47 109 109 0.31
213 81 40 188 188 1.63
214 0 170 87 87 1.34
215 231 38 177 177 2.18
216 73 36 168 168 1.11
217 61 30 140 140 1.18
218 163 40 187 187 1.94
219 55 27 128 128 2.17
220 0 66 305 305 4.95
222 0 164 188 188 2.80
223 46 0 106 106 1.32
224 219 91 84 84 1.07
225 112 18 86 86 1.68
226 134 111 102 102 1.52
227 57 144 133 133 0.82
227 44 0 103 103 0.59
228 0 0 284 284 1.05
227 183 55 84 84 0.11
229 147 59 135 135 1.28
230 86 0 199 199 0.32
232 0 68 313 313 3.00
234 0 199 102 102 0.53
235 126 234 83 83 0.94
236 54 54 125 125 0.58
237 133 0 204 204 1.30
238 84 42 194 194 0.63
239 135 45 103 103 0.15
240 109 43 100 100 2.22
241 83 83 191 191 2.81
243 187 70 107 107 1.54
243 0 362 87 87 1.01
246 35 160 81 81 0.26
243 273 132 87 87 0.01
248 71 17 82 82 1.79
249 187 163 107 107 0.67
250 60 30 138 138 2.48
252 58 0 134 134 0.28
253 0 0 337 337 1.38
254 266 59 136 136 0.38
255 200 0 132 132 2.28
256 95 71 109 109 0.71
257 190 95 87 87 1.48
258 18 279 85 85 0.05
259 87 87 134 134 2.19
260 53 53 81 81 1.58
261 67 179 103 103 0.50
264 39 39 183 183 0.75
266 0 90 104 104 0.58
267 222 49 113 113 2.18
268 158 281 81 81 0.59
269 90 90 207 207 1.47
270 150 75 86 86 2.05
271 78 78 179 179 0.54
272 111 22 102 102 1.10
273 214 23 109 109 1.69
274 233 29 134 134 2.09
276 179 107 82 82 0.17
277 112 45 103 103 2.41
278 213 94 109 109 0.11
279 311 59 137 137 0.86
285 85 42 195 195 1.25
286 40 81 188 188 0.82
287 172 0 132 132 0.37
288 0 0 327 327 0.33
290 0 0 246 246 0.88
291 0 65 299 299 1.32
292 206 168 86 86 0.13
294 132 56 86 86 0.19
296 85 228 131 131 0.71
298 95 287 146 146 0.77
300 175 29 134 134 3.19
301 0 65 299 299 2.96
302 87 43 202 202 0.77
303 127 0 146 146 1.65
305 157 39 181 181 1.59
306 109 285 100 100 1.59
307 65 153 100 100 0.01
308 342 187 107 107 0.07
309 138 125 193 193 0.16
310 87 29 134 134 1.94
311 66 33 76 76 0.98
312 56 28 130 130 0.08
313 119 47 109 109 1.17
314 88 22 101 101 1.67
315 130 87 200 200 1.51
317 0 0 348 348 2.98
318 0 65 301 301 1.01
319 334 204 85 85 2.22
321 31 31 144 144 3.73
322 74 37 85 85 0.15
323 40 0 186 186 1.43
324 87 109 101 101 0.91
325 45 0 210 210 1.78
326 93 297 85 85 0.01
327 170 94 87 87 1.62
328 0 66 304 304 0.89
330 0 317 104 104 0.83
331 66 288 102 102 0.20
332 305 91 140 140 1.63
333 142 23 108 108 2.17
333 93 124 142 142 0.46
334 96 64 148 148 1.00
333 268 268 88 88 0.04
335 158 17 80 80 0.73
336 183 122 140 140 0.88
337 156 0 179 179 1.59
338 243 40 186 186 1.53
339 85 28 130 130 1.05
340 33 132 151 151 0.59
341 38 0 178 178 0.83
342 79 26 122 122 2.61
343 0 0 355 355 1.07
346 0 0 327 327 2.05
347 74 37 172 172 1.85
348 18 72 83 83 0.14
350 44 89 103 103 0.49
351 112 45 103 103 3.37
353 91 61 140 140 4.02
355 234 54 83 83 1.12
356 228 28 131 131 0.94
357 198 0 101 101 1.43
358 0 0 291 291 2.28
359 0 91 83 83 0.11
360 78 39 181 181 2.93
361 128 64 147 147 0.25
363 194 83 127 127 2.88
364 0 0 304 304 0.89
365 0 157 200 200 0.40
367 224 37 86 86 1.16
368 0 65 299 299 3.89
369 36 36 169 169 1.71
369 42 233 97 97 0.42
370 99 158 91 91 0.31
371 39 78 181 181 0.72
372 189 23 108 108 1.82
374 0 65 299 299 2.48
375 123 0 190 190 0.04
376 235 126 83 83 0.32
378 160 45 105 105 3.79
379 68 22 104 104 1.05
380 181 158 104 104 0.24
381 91 91 140 140 0.44
384 39 79 181 181 0.66
385 223 44 205 205 0.03
386 56 28 129 129 0.77
387 147 29 135 135 0.30
389 128 42 196 196 0.79
392 56 84 130 130 1.29
393 178 114 132 132 3.46
394 0 342 87 87 0.29
395 170 170 87 87 0.84
396 0 0 329 329 0.63
397 94 23 109 109 3.26
398 70 236 108 108 0.24
399 225 0 148 148 0.16
400 0 70 323 323 1.65
401 0 65 299 299 0.77
402 171 42 197 197 0.10
403 285 21 100 100 2.47
404 185 241 85 85 0.20
405 199 0 183 183 0.20
406 97 48 112 112 0.31
407 187 140 215 215 1.08
408 217 0 199 199 1.31
409 46 92 211 211 0.88
410 177 29 135 135 0.71
411 84 0 193 193 1.30
413 159 68 105 105 1.57
413 91 274 105 105 0.72
415 39 0 179 179 0.17
416 107 42 98 98 1.16
417 88 44 202 202 1.99
418 90 30 138 138 3.18
419 37 111 170 170 2.09
420 123 30 141 141 1.09
421 176 88 101 101 0.61
421 118 158 181 181 0.33
422 47 23 108 108 1.66
421 18 271 83 83 0.07
423 0 67 312 312 2.38
424 140 210 107 107 1.38
425 82 0 189 189 0.93
426 156 0 144 144 1.28
427 150 172 198 198 0.11
429 64 0 297 297 2.18
430 41 82 189 189 0.84
431 0 0 368 368 2.68
432 149 29 137 137 2.34
433 85 21 97 97 2.77
434 174 232 89 89 0.07
437 88 0 202 202 3.73
438 112 84 129 129 0.92
439 0 0 296 296 1.02
441 43 130 200 200 1.12
442 89 0 206 206 0.09
444 138 46 105 105 1.77
446 277 57 87 87 1.03
446 0 0 365 365 0.42
446 23 117 107 107 0.11
