0001 188 44 163 236
0002 111 24 69 108
0003 82 57 178 241
0004 82 57 192 291
0005 126 56 121 187
0006 107 11 83 123
0007 175 31 105 156
0008 119 39 138 226
0009 129 24 148 237
0010 138 26 115 164
0011 47 16 221 303
0012 274 57 74 119
0013 1 1 304 404
0014 118 45 133 197
0015 75 28 120 177
0016 178 35 82 128
0017 94 26 107 178
0018 115 26 92 154
0019 149 179 70 100
0020 134 32 109 168
0021 111 130 105 176
0022 92 11 136 235
0023 161 24 83 127
0024 88 25 85 138
0025 16 65 242 355
0026 46 48 90 148
0027 163 12 88 132
0028 101 33 143 212
0029 15 21 240 391
0030 287 52 75 127
0031 55 38 146 230
0032 195 255 78 126
0033 166 31 101 172
0034 206 25 182 283
0035 93 45 166 285
0036 72 53 121 178
0037 80 33 181 266
0038 38 38 187 259
0039 60 57 190 268
0040 56 42 166 259
0041 152 17 63 109
0042 10 22 295 424
0043 147 83 138 228
0044 137 23 115 175
0045 88 26 95 137
0046 71 45 202 306
0047 89 29 160 264
0048 74 27 131 181
0049 127 15 98 165
0050 213 36 66 101
0051 71 28 177 277
0052 170 24 105 182
0053 107 19 76 129
0054 125 25 61 103
0055 78 14 178 290
0056 118 31 95 147
0057 177 11 141 205
0058 47 19 178 292
0059 1 1 249 365
0060 270 12 142 230
0061 241 20 79 136
0062 44 23 190 273
0063 73 55 208 300
0064 198 14 108 159
0065 122 66 138 230
0066 180 24 114 175
0067 119 17 88 134
0068 144 202 135 203
0069 123 217 69 111
0070 122 34 77 111
0071 99 25 105 171
0072 79 26 273 394
0073 113 15 100 158
0074 106 32 113 175
0075 94 44 120 212
0076 113 1 154 228
0077 67 8 104 143
0078 161 20 107 171
0079 134 12 80 111
0080 240 95 49 69
0081 164 26 108 176
0082 107 68 102 177
0083 90 51 109 189
0084 70 142 198 275
0085 78 111 108 160
0086 116 24 99 152
0087 110 27 139 224
0088 65 25 128 201
0089 82 23 98 127
0090 306 20 70 88
0091 109 17 123 190
0092 121 32 137 196
0093 109 68 99 147
0094 110 102 61 96
0095 123 176 91 155
0096 46 33 214 328
0097 87 32 106 163
0098 119 22 96 146
0099 67 22 247 352
0100 140 9 92 143
0101 40 40 156 232
0102 120 20 99 135
0103 55 47 167 242
0104 153 13 84 131
0105 73 37 188 272
0106 88 19 120 194
0107 107 28 104 159
0108 77 14 92 136
0109 219 11 79 134
0110 123 16 77 133
0111 157 29 123 186
0112 154 80 68 110
0113 101 34 88 147
0114 81 29 197 291
0115 196 35 69 109
0116 140 18 81 119
0117 67 74 133 217
0118 65 17 197 325
0119 194 28 122 183
0120 13 8 250 372
0121 76 11 169 274
0122 99 20 123 209
0123 189 14 78 130
0124 192 35 72 126
0125 95 156 92 148
0126 168 70 90 141
0127 99 97 123 182
0128 138 14 98 148
0129 87 32 136 211
0130 92 132 145 200
0131 95 35 105 171
0132 94 58 185 297
0133 37 24 188 261
0134 109 68 77 112
0135 59 12 209 313
0136 31 33 207 351
0137 273 64 68 101
0138 14 1 285 427
0139 132 26 100 173
0140 233 18 104 173
0141 75 28 247 361
0142 218 17 133 202
0143 253 17 140 213
0144 250 30 150 211
0145 53 41 129 208
0146 156 41 75 122
0147 87 44 122 180
0148 171 42 76 136
0149 56 26 184 268
0150 38 34 213 328
0151 128 23 119 156
0152 71 36 228 321
0153 232 20 151 214
0154 120 2 104 187
0155 93 34 165 245
0156 75 29 118 193
0157 106 65 141 209
0158 81 20 144 217
0159 78 46 141 200
0160 251 19 166 258
0161 128 17 102 139
0162 87 18 78 112
0163 225 28 114 163
0164 198 13 137 210
0165 200 34 120 195
0166 119 22 105 166
0167 140 21 161 262
0168 140 7 77 114
0169 182 34 125 180
0170 57 38 189 290
0171 104 23 120 183
0172 111 58 101 164
0173 73 46 183 260
0174 113 16 98 157
0175 97 21 208 340
0176 102 33 142 236
0177 80 28 156 246
0178 87 264 63 101
0179 98 23 90 145
0180 100 122 96 131
0181 65 7 171 261
0182 69 14 108 160
0183 49 9 215 341
0184 160 18 91 136
0185 96 23 189 288
0186 44 42 213 320
0187 61 56 127 177
0188 99 29 98 146
0189 29 16 212 340
0190 208 25 66 91
0191 74 27 173 262
0192 90 55 110 175
0193 114 235 93 133
0194 79 25 135 228
0195 82 56 98 146
0196 56 32 175 306
0197 111 145 61 94
0198 21 38 210 281
0199 78 7 201 317
0200 97 12 77 125
0201 103 15 105 151
0202 42 65 205 309
0203 178 11 68 100
0204 234 121 58 82
0205 198 8 148 245
0206 77 145 188 278
0207 74 31 197 272
0208 97 25 71 108
0209 66 41 170 284
0210 258 21 59 81
0211 193 23 139 196
0212 38 11 191 258
0213 256 24 95 156
0214 111 57 104 160
0215 89 47 138 231
0216 58 22 212 331
0217 76 139 154 236
0218 171 21 129 178
0219 34 87 241 322
0220 104 36 108 162
0221 50 14 126 177
0222 45 4 246 368
0223 238 33 87 115
0224 62 17 173 271
0225 32 18 67 118
0226 167 36 77 112
0227 166 20 86 136
0228 148 81 133 232
0229 71 41 185 285
0230 62 53 153 247
0231 84 25 102 140
0232 178 12 106 158
0233 35 52 192 269
0234 196 27 67 103
0235 146 14 96 149
0236 84 30 93 159
0237 212 50 81 139
0238 109 11 170 267
0239 117 54 107 143
0240 88 18 106 170
0241 121 21 139 221
0242 69 14 182 270
0243 105 22 63 116
0244 114 39 137 216
0245 221 24 134 195
0246 108 50 79 135
0247 58 40 192 288
0248 55 9 201 344
0249 79 59 133 217
0250 85 33 144 236
0251 99 30 101 165
0252 123 133 73 102
0253 99 17 91 126
0254 126 68 125 190
0255 225 93 86 122
0256 85 43 129 232
0257 186 48 72 114
0258 134 17 83 134
0259 71 32 212 345
0260 61 49 157 259
0261 123 20 70 114
0262 144 8 79 125
0263 118 20 120 182
0264 136 29 82 119
0265 286 55 77 127
0266 48 34 206 310
0267 60 26 133 210
0268 235 1 108 174
0269 63 29 162 252
0270 174 78 119 196
0271 30 1 252 359
0272 82 88 153 219
0273 58 179 122 170
0274 64 19 162 245
0275 81 26 82 133
0276 140 73 103 168
0277 125 95 101 159
0278 93 27 79 125
0279 106 23 83 133
0280 71 54 199 305
0281 132 25 87 145
0282 65 51 137 205
0283 75 1 204 307
0284 89 36 106 171
0285 184 34 90 124
0286 143 34 102 152
0287 210 43 67 99
0288 163 64 97 159
0289 58 16 208 349
0290 137 45 81 136
0291 72 43 76 116
0292 120 256 83 124
0293 215 46 84 133
0294 91 20 160 210
0295 32 5 241 385
0296 114 157 73 115
0297 93 60 101 173
0298 105 75 111 170
0299 88 39 86 134
0300 147 39 98 150
0301 50 63 204 297
0302 1 1 376 449
0303 115 13 64 97
0304 100 22 134 201
0305 179 15 132 188
0306 43 26 181 279
0307 179 58 88 138
0308 45 39 175 300
0309 84 36 89 131
0310 99 50 86 132
0311 186 22 82 124
0312 100 23 87 122
0313 60 32 174 289
0314 222 22 68 115
0315 170 10 112 183
0316 67 141 149 226
0317 92 44 200 284
0318 81 75 176 262
0319 190 87 91 124
0320 70 30 255 394
0321 56 125 117 181
0322 133 44 94 158
0323 141 31 186 286
0324 39 24 88 136
0325 64 23 58 85
0326 65 8 132 208
0327 136 9 73 109
0328 71 26 149 231
0329 98 56 213 306
0330 125 30 80 127
0331 87 22 142 216
0332 130 69 123 187
0333 184 22 68 102
0334 107 13 210 347
0335 159 10 105 175
0336 112 18 92 140
0337 126 18 68 103
0338 66 37 226 378
0339 91 189 86 122
0340 306 11 69 106
0341 72 7 115 174
0342 67 28 168 244
0343 128 23 65 102
0344 72 41 149 206
0345 70 55 163 247
0346 57 24 120 178
0347 70 34 165 252
0348 94 26 119 181
0349 122 21 74 119
0350 26 25 186 301
0351 89 58 148 230
0352 60 32 122 193
0353 51 20 192 321
0354 187 27 83 132
0355 174 6 107 163
0356 117 11 67 116
0357 147 12 110 192
0358 124 31 159 243
0359 179 16 83 136
0360 181 159 92 150
0361 104 19 70 113
0362 90 1 242 312
0363 177 17 69 106
0364 92 50 150 202
0365 63 36 203 277
0366 79 36 148 224
0367 89 17 149 214
0368 68 25 241 335
0369 145 181 109 187
0370 98 12 144 194
0371 125 22 120 170
0372 206 109 84 119
0373 111 22 92 151
0374 73 23 164 285
0375 242 11 123 169
0376 114 177 84 137
0377 186 47 103 154
0378 86 44 95 163
0379 67 27 187 322
0380 171 40 76 125
0381 275 12 76 107
0382 45 38 200 301
0383 220 28 118 179
0384 123 32 115 176
0385 113 32 76 113
0386 109 33 85 139
0387 93 39 137 208
0388 101 31 240 300
0389 91 60 165 252
0390 96 37 194 277
0391 72 27 92 148
0392 77 140 71 103
0393 189 20 96 174
0394 11 47 141 187
0395 97 27 244 313
0396 49 44 200 299
0397 158 16 70 108
0398 165 17 78 123
0399 163 30 100 144
0400 71 66 170 267
0401 5 20 156 221
0402 105 30 154 210
0403 83 12 68 114
0404 120 21 64 103
0405 87 72 141 215
0406 171 21 106 157
0407 145 14 108 156
0408 49 46 115 187
0409 158 102 112 195
0410 175 21 98 149
0411 73 75 62 95
0412 58 17 176 274
0413 145 19 127 203
0414 91 54 86 135
0415 78 31 148 238
0416 64 21 203 343
0417 54 24 177 269
0418 76 29 185 280
0419 56 28 181 328
0420 167 8 66 96
0421 216 47 119 189
0422 108 59 86 114
0423 138 23 84 130
0424 181 17 64 105
0425 101 36 131 220
0426 89 32 166 247
0427 100 29 119 177
0428 77 39 127 194
0429 99 21 142 222
0430 86 42 166 279
0431 93 46 83 117
0432 48 16 151 201
0433 102 90 129 190
0434 23 35 253 403
0435 79 32 85 107
0436 50 23 218 352
0437 45 133 94 146
0438 177 11 81 143
0439 102 38 88 135
0440 94 1 266 291
0441 72 69 87 141
0442 103 23 144 235
0443 167 36 82 135
0444 123 9 80 112
0445 43 22 230 394
0446 142 22 188 266
0447 266 20 148 198
0448 96 13 179 278
0449 132 49 160 238
0450 157 28 106 166
0451 239 27 79 130
0452 87 1 92 110
0453 75 66 160 258
0454 138 38 108 164
0455 60 27 105 153
0456 93 20 171 261
0457 213 1 145 170
0458 103 75 135 196
0459 75 27 173 288
0460 100 61 108 158
0461 52 31 194 317
0462 143 22 113 152
0463 74 52 145 225
0464 69 22 139 210
0465 50 30 95 134
0466 102 4 83 122
0467 136 24 190 253
0468 88 18 146 234
0469 119 17 75 102
0470 237 27 100 149
0471 116 34 185 285
0472 51 32 228 348
0473 86 15 79 131
0474 80 19 159 265
0475 119 45 102 167
0476 126 12 107 163
0477 228 27 72 124
0478 123 11 82 137
0479 149 59 182 232
0480 154 19 113 174
0481 121 44 70 112
0482 255 40 48 73
0483 47 27 205 322
0484 77 31 193 294
0485 149 24 92 149
0486 134 17 102 138
0487 117 56 76 118
0488 64 1 186 303
0489 117 21 80 122
0490 77 29 144 228
0491 54 16 200 292
0492 89 101 70 106
0493 135 205 78 127
0494 186 29 80 132
0495 202 93 83 123
0496 49 23 257 363
0497 63 20 73 118
0498 142 21 112 167
0499 212 31 149 229
0500 88 17 155 240
0501 118 16 83 122
0502 104 27 162 249
0503 57 32 186 326
0504 129 50 136 210
0505 119 99 99 146
0506 111 35 75 113
0507 161 40 93 137
0508 299 21 91 133
0509 134 43 119 176
0510 170 42 75 111
0511 55 24 126 240
0512 149 11 75 116
0513 97 14 90 149
0514 37 48 114 161
0515 187 21 124 178
0516 136 107 62 98
0517 150 16 158 269
0518 61 16 76 127
0519 112 288 76 120
0520 106 15 64 105
0521 76 25 177 252
0522 50 33 249 334
0523 122 40 81 118
0524 92 43 144 218
0525 217 93 134 175
0526 93 64 79 118
0527 42 1 207 270
0528 105 42 118 162
0529 141 18 81 104
0530 87 13 137 224
0531 142 1 258 326
0532 90 44 90 137
0533 38 16 146 245
0534 43 16 275 402
0535 61 17 121 208
0536 80 14 106 179
0537 49 21 208 324
0538 137 40 79 130
0539 63 13 122 194
0540 59 61 212 328
0541 59 17 211 325
0542 147 17 101 161
0543 54 53 199 290
0544 169 28 112 196
0545 98 24 201 353
0546 87 16 58 96
0547 40 37 240 306
0548 130 16 91 143
0549 150 63 51 79
0550 77 18 81 126
0551 208 1 213 258
0552 104 52 112 162
0553 134 61 103 157
0554 163 75 84 119
0555 89 30 58 90
0556 175 16 97 125
0557 241 8 97 141
0558 78 23 166 298
0559 200 18 139 199
0560 77 26 160 281
0561 80 12 132 202
0562 1 6 265 416
0563 133 100 58 81
0564 62 28 145 241
0565 127 110 69 120
0566 72 122 117 172
0567 100 31 71 120
0568 41 57 210 306
0569 330 24 70 112
0570 102 25 114 181
0571 331 7 98 164
0572 44 145 201 282
0573 116 22 83 119
0574 90 39 70 116
0575 218 31 103 156
0576 125 36 119 186
0577 119 27 167 247
0578 91 48 96 145
0579 96 27 143 229
0580 110 17 93 153
0581 215 178 91 153
0582 162 23 91 137
0583 54 111 218 293
0584 88 33 115 182
0585 46 23 185 262
0586 61 42 189 309
0587 90 53 117 178
0588 80 140 92 130
0589 183 19 137 250
0590 60 22 205 342
0591 87 25 77 114
0592 85 96 96 144
0593 17 33 193 306
0594 54 22 216 301
0595 54 35 95 159
0596 73 24 150 241
0597 77 17 81 130
0598 96 38 148 212
0599 249 85 98 155
0600 140 16 173 231
0601 163 27 114 173
0602 124 7 77 122
0603 120 17 90 132
0604 125 178 104 143
0605 154 211 89 142
0606 72 36 167 278
0607 129 86 100 137
0608 227 75 141 176
0609 151 27 95 156
0610 144 20 79 123
0611 251 29 145 214
0612 165 25 89 136
0613 106 19 109 197
0614 266 16 72 128
0615 139 57 127 194
0616 237 2 94 118
0617 71 34 150 244
0618 110 26 70 109
0619 97 22 161 267
0620 66 13 78 118
0621 41 1 259 359
0622 191 17 79 122
0623 36 29 216 319
0624 218 12 83 129
0625 166 29 142 204
0626 54 32 182 284
0627 172 55 80 128
0628 126 17 126 190
0629 82 37 101 155
0630 126 25 89 140
0631 39 25 191 275
0632 56 34 178 283
0633 84 138 133 183
0634 49 25 216 339
0635 72 24 237 353
0636 32 21 215 273
0637 116 11 92 137
0638 83 24 230 356
0639 115 14 98 167
0640 121 20 88 129
0641 178 105 79 121
0642 93 22 139 220
0643 156 40 73 102
0644 122 53 133 199
0645 72 30 177 277
0646 243 23 99 165
0647 87 11 61 91
0648 99 208 135 189
0649 103 12 114 190
0650 134 21 101 127
0651 84 96 83 140
0652 41 19 115 189
0653 36 1 311 360
0654 1 1 308 449
0655 145 21 82 141
0656 97 34 171 244
0657 98 22 187 305
0658 276 78 118 200
0659 94 27 122 206
0660 70 19 92 140
0661 63 17 219 326
0662 176 21 97 158
0663 165 62 76 111
0664 80 1 283 304
0665 276 44 58 92
0666 57 36 208 346
0667 125 98 100 155
0668 78 27 209 290
0669 48 43 231 346
0670 118 19 65 103
0671 86 19 89 134
0672 89 29 105 174
0673 57 49 171 227
0674 215 38 159 262
0675 253 38 98 146
0676 122 1 186 257
0677 126 44 116 177
0678 108 12 80 119
0679 75 52 154 233
0680 54 19 209 318
0681 174 38 92 150
0682 63 9 183 249
0683 93 88 171 270
0684 144 38 99 144
0685 126 48 155 230
0686 51 24 170 243
0687 23 1 288 381
0688 47 61 216 329
0689 52 28 123 189
0690 43 23 211 341
0691 187 34 81 122
0692 53 36 161 225
0693 57 54 167 236
0694 209 5 109 183
0695 80 22 131 228
0696 174 34 96 153
0697 93 15 121 199
0698 33 175 79 116
0699 70 41 122 183
0700 118 23 69 105
0701 139 22 114 149
0702 141 40 126 183
0703 78 28 110 163
0704 96 39 104 154
0705 116 24 101 155
0706 89 91 53 81
0707 97 41 223 305
0708 49 37 222 333
0709 129 47 101 159
0710 51 48 169 241
0711 226 42 138 223
0712 109 12 92 146
0713 95 46 165 222
0714 104 9 78 123
0715 97 17 72 95
0716 185 23 87 126
0717 61 19 172 238
0718 145 1 80 146
0719 137 21 116 172
0720 97 29 143 239
0721 190 16 76 128
0722 85 93 129 206
0723 52 63 164 230
0724 78 57 151 249
0725 139 37 119 181
0726 106 19 101 157
0727 117 14 73 111
0728 120 101 98 149
0729 54 41 201 320
0730 159 32 97 140
0731 168 90 67 108
0732 218 35 126 185
0733 66 51 205 328
0734 164 37 107 169
0735 53 28 216 373
0736 94 18 104 172
0737 212 18 143 241
0738 44 40 188 302
0739 122 32 84 143
0740 219 51 167 247
0741 110 12 88 143
0742 80 1 214 266
0743 116 14 71 113
0744 277 88 92 133
0745 154 17 113 180
0746 63 38 227 377
0747 50 28 162 257
0748 109 46 104 162
0749 138 17 121 191
0750 157 25 108 168
0751 175 16 87 130
0752 96 33 164 236
0753 246 162 68 105
0754 158 23 69 109
0755 114 1 70 118
0756 106 38 77 121
0757 69 16 67 119
0758 108 67 63 102
0759 140 88 69 104
0760 235 65 66 97
0761 69 41 155 263
0762 151 41 105 155
0763 68 49 119 163
0764 67 36 172 272
0765 120 47 98 161
0766 117 91 71 105
0767 69 35 165 291
0768 90 29 127 216
0769 108 20 104 161
0770 179 33 61 95
0771 26 22 261 398
0772 93 33 124 199
0773 114 55 81 110
0774 112 51 83 126
0775 159 42 61 101
0776 107 23 69 116
0777 90 11 183 297
0778 58 32 185 305
0779 105 13 73 116
0780 174 25 96 161
0781 139 34 164 245
0782 189 12 70 120
0783 109 30 66 109
0784 217 15 64 95
0785 127 36 82 119
0786 85 9 87 137
0787 66 97 83 128
0788 10 32 195 311
0789 169 42 74 130
0790 15 26 263 332
0791 79 1 130 212
0792 140 194 127 199
0793 156 14 84 144
0794 73 48 191 285
0795 117 23 85 136
0796 25 26 229 357
0797 113 33 89 161
0798 122 17 136 191
0799 109 63 91 140
0800 95 84 109 171
0801 115 8 74 134
0802 148 20 111 178
0803 55 25 233 314
0804 131 36 96 134
0805 65 16 168 260
0806 97 24 121 202
0807 103 28 68 107
0808 165 32 110 154
0809 45 31 240 376
0810 173 24 80 128
0811 237 15 106 162
0812 106 43 128 189
0813 128 60 177 273
0814 137 17 95 155
0815 34 1 272 408
0816 92 30 64 100
0817 193 26 85 147
0818 131 29 81 115
0819 59 30 176 251
0820 60 29 216 333
0821 66 39 126 191
0822 168 22 90 141
0823 91 33 87 130
0824 117 27 206 335
0825 101 1 126 205
0826 43 48 30 46
0827 171 16 78 124
0828 96 2 98 142
0829 136 10 79 125
0830 224 27 125 183
0831 169 49 112 160
0832 50 38 200 282
0833 227 30 103 179
0834 103 38 105 163
0835 115 35 93 150
0836 70 13 159 244
0837 81 31 80 110
0838 103 34 130 204
0839 136 47 97 131
0840 89 28 168 276
0841 100 33 170 231
0842 103 55 142 229
0843 75 16 125 215
0844 32 1 269 432
0845 114 16 76 115
0846 279 23 110 139
0847 31 28 205 294
0848 82 21 117 157
0849 55 37 177 308
0850 49 18 233 364
0851 43 19 155 239
0852 51 46 192 310
0853 105 23 111 164
0854 176 17 97 151
0855 122 25 138 221
0856 256 65 69 111
0857 92 16 63 103
0858 38 30 194 259
0859 44 20 282 397
0860 126 12 88 151
0861 97 44 120 184
0862 95 16 67 110
0863 201 52 83 112
0864 74 31 208 301
0865 28 1 278 344
0866 106 22 74 105
0867 133 12 94 167
0868 88 26 190 284
0869 55 15 141 228
0870 111 17 80 122
0871 106 73 51 91
0872 83 14 91 145
0873 78 8 134 200
0874 99 81 88 129
0875 34 25 206 305
0876 144 115 74 112
0877 71 21 216 336
0878 116 18 122 191
0879 152 18 69 115
0880 82 22 208 291
0881 90 15 99 158
0882 76 1 128 172
0883 86 40 79 124
0884 108 79 75 117
0885 72 44 142 212
0886 88 39 171 244
0887 50 1 240 345
0888 72 230 128 206
0889 78 16 103 149
0890 123 10 102 167
0891 48 44 197 343
0892 77 21 156 238
0893 147 45 120 199
0894 95 24 76 128
0895 113 32 140 222
0896 151 87 91 136
0897 68 41 179 264
0898 112 19 135 239
0899 81 49 90 144
0900 106 14 78 110
0901 112 20 68 99
0902 43 38 237 341
0903 146 27 135 202
0904 94 28 149 228
0905 94 21 68 111
0906 99 23 95 165
0907 21 33 77 93
0908 98 15 159 275
0909 83 58 155 265
0910 102 14 205 264
0911 111 174 105 164
0912 171 96 106 165
0913 70 26 74 112
0914 66 28 149 244
0915 197 10 124 182
0916 130 59 129 200
0917 84 18 158 235
0918 96 9 60 97
0919 51 135 155 217
0920 63 35 120 210
0921 317 15 115 170
0922 85 61 66 114
0923 142 21 101 154
0924 91 11 78 118
0925 163 23 108 179
0926 163 23 90 142
0927 23 36 244 347
0928 231 48 59 93
0929 80 33 208 273
0930 114 42 131 202
0931 127 21 88 148
0932 126 129 89 157
0933 138 23 107 152
0934 40 71 154 223
0935 69 48 201 260
0936 124 68 99 157
0937 169 277 94 145
0938 58 31 164 229
0939 85 44 101 150
0940 122 24 105 184
0941 161 112 101 133
0942 183 23 137 232
0943 73 43 210 311
0944 115 10 85 133
0945 159 26 143 237
0946 87 4 164 237
0947 131 17 93 161
0948 128 29 90 133
0949 74 26 90 139
0950 18 18 245 350
0951 77 19 80 117
0952 96 33 116 175
0953 31 28 236 335
0954 107 19 139 202
0955 21 1 304 449
0956 126 18 73 102
0957 255 10 80 119
0958 73 46 173 259
0959 105 27 144 243
0960 51 28 218 368
0961 4 120 148 220
0962 138 22 69 114
0963 38 43 171 273
0964 181 17 90 125
0965 62 108 112 164
0966 109 15 154 207
0967 76 11 139 194
0968 105 11 92 138
0969 103 53 149 250
0970 37 25 194 295
0971 115 12 96 151
0972 83 29 78 133
0973 182 29 89 151
0974 142 11 92 141
0975 119 56 203 278
0976 62 74 132 194
0977 156 46 83 140
0978 178 106 128 192
0979 71 77 146 218
0980 121 44 98 176
0981 145 19 89 135
0982 61 37 207 334
0983 90 23 107 157
0984 95 57 182 299
0985 93 43 103 155
0986 80 18 128 179
0987 103 111 89 138
0988 42 1 253 446
0989 99 21 71 121
0990 120 10 94 150
0991 93 17 94 153
0992 183 19 115 190
0993 163 37 108 160
0994 123 19 112 188
0995 79 43 71 95
0996 82 34 120 190
0997 212 3 176 250
0998 109 188 105 160
0999 96 26 156 245
1000 83 1 259 271
